62
63
105
136
169
187
199
220
223
238
257
258
273
274
281
321
338
354
371
384
393
415
416
435
446
459
460
468
483
485
522
594
596
601
604
625
652
679
684
715
716
731
760
763
767
802
811
818
828
927
931
958
978
1004
1005
1038
1042
1046
1062
1070
1083
1092
1121
1217
1231
1236
1246
1251
1254
1259
1268
1298
1352
1385
1401
1415
1422
1441
1444
1447
1452
1469
1527
1531
1540
1560
1576
1596
1597
1619
1629
1678
1691
1696
1703
1716
1731
1760
1777
1778
1783
1790
1804
1883
1887
1922
1928
1942
1945
1949
1960
1966
1969
1978
1979
1981
1983
2007
2025
2030
2079
2095
2164
2170
2209
2229
2269
2270
2274
2288
2296
2313
2321
2348
2363
2368
2381
2425
2456
2470
2490
2491
2503
2524
2541
2552
2562
2594
2599
2608
2620
2657
2658
2683
2689
2703
2734
2742
2743
2760
2790
2794
2800
2804
2879
2890
2902
2910
2912
2914
2917
2949
2967
3005
3012
3016
3017
3021
3026
3076
3083
3131
3156
3172
3178
3191
3192
3203
3212
3224
3229
3262
3293
3311
3325
3328
3331
3340
3374
3385
3400
3408
3475
3485
3507
3514
3551
3561
3583
3593
3608
3617
3638
3642
3659
3669
3670
3689
3695
3701
3743
3749
3799
3817
3883
3885
3886
3889
3938
3950
3953
3973
3974
3985
4046
4058
4082
4092
4166
4202
4215
4216
4222
4232
4259
4276
4278
4311
4319
4327
4364
4371
4414
4426
4472
4530
4551
4559
4564
4565
4572
4583
4595
4596
4636
4654
4703
4707
4734
4743
4744
4760
4776
4795
4807
4813
4890
4915
4919
4950
4962
4997
5055
5073
5082
5107
5130
5134
5153
5197
5211
5285
5299
5362
5411
5432
5435
5447
5469
5520
5569
5624
5631
5640
5642
5654
5667
5710
5740
5750
5805
5822
5878
5881
5938
5944
5959
5962
5993
6014
6048
6059
6060
6071
6080
6088
6110
6132
6135
6156
6173
6175
6205
6221
6222
6231
6254
6279
6283
6286
6329
6354
6438
6456
6512
6531
6533
6541
6561
6571
6580
6581
6590
6612
6620
6641
6660
6669
6693
6697
6708
6724
6728
6739
6757
6799
6803
6809
6812
6813
6831
6850
6876
6884
6885
6900
6903
6908
6930
6936
6953
6956
6957
7001
7032
7040
7045
7050
7060
7065
7096
7114
7120
7127
7163
7174
7187
7205
7214
7215
7234
7240
7259
7267
7308
7310
7313
7362
7373
7376
7419
7457
7478
7483
7511
7533
7537
7540
7583
7598
7600
7605
7654
7723
7752
7754
7760
7776
7780
7785
7805
7816
7871
7931
7962
7971
7988
8003
8040
8090
8098
8102
8122
8131
8136
8188
8210
8249
8281
8303
8312
8334
8369
8382
8398
8443
8445
8459
8523
8583
8592
8593
8602
8606
8640
8643
8683
8700
8703
8708
8724
8765
8772
8780
8818
8835
8836
8861
8871
8872
8903
8904
8911
8936
8949
8953
8962
8963
9008
9016
9052
9055
9072
9080
9085
9126
9133
9136
9150
9170
9194
9203
9226
9231
9300
9306
9315
9359
9375
9379
9387
9401
9416
9423
9452
9477
9511
9539
9575
9577
9592
9639
9654
9659
9660
9666
9674
9689
9698
9730
9752
9755
9766
9785
9866
9880
9902
9919
9945
9953
9965
9971
9983
10012
10023
10049
10071
10075
10121
10160
10223
10224
10228
10244
10275
10344
10385
10409
10436
10458
10478
10484
10486
10495
10498
10512
10520
10559
10575
10582
10597
10603
10665
10668
10678
10749
10776
10781
10829
10871
10920
10925
10940
10944
10985
11010
11018
11065
11109
11163
11174
11187
11199
11220
11223
11230
11246
11252
11273
11280
11313
11317
11324
11376
11468
11482
11506
11516
11535
11562
11563
11568
11587
11593
11595
11625
11636
11710
11711
11728
11762
11777
11786
11791
11796
11804
11841
11851
11856
11918
11947
11966
11997
12026
12050
12063
12130
12153
12164
12194
12201
12218
12238
12243
12246
12277
12292
12314
12362
12371
12381
12402
12412
12420
12527
12603
12612
12624
12628
12633
12639
12645
12651
12666
12683
12687
12709
12711
12844
12870
12896
12904
12933
12943
12956
12990
13002
13009
13013
13037
13050
13067
13071
13076
13105
13116
13124
13148
13189
13210
13224
13247
13256
13257
13261
13303
13356
13378
13423
13430
13441
13449
13461
13465
13474
13498
13501
13512
13530
13573
13635
13669
13681
13694
13702
13709
13754
13762
13802
13812
13818
13829
13855
13933
13967
13972
13981
13988
13999
14011
14027
14036
14062
14083
14133
14149
14174
14177
14180
14256
14271
14274
14319
14321
14324
14336
14345
14362
14385
14391
14408
14423
14424
14443
14465
14496
14507
14508
14514
14531
14538
14582
14629
14630
14699
14725
14758
14761
14763
14790
14792
14823
14881
14883
14899
14934
14971
14975
14985
14986
14989
14992
15027
15039
15044
15045
15058
15069
15071
15079
15098
15102
15110
15184
15245
15249
15280
15291
15304
15327
15336
15347
15349
15357
15373
15374
15405
15434
15454
15463
15474
15489
15498
15500
15612
15637
15667
15685
15732
15752
15756
15781
15868
15884
15942
15959
15982
16034
16046
16056
16064
16100
16110
16118
16124
16178
16188
16215
16288
16314
16334
16336
16357
16380
16381
16383
16396
16397
16405
16461
16465
16484
16500
16509
16543
16548
16579
16584
16609
16637
16663
16670
16680
16687
16706
16725
16734
16782
16783
16821
16826
16864
16883
16888
16926
16942
17015
17063
17082
17129
17131
17142
17150
17154
17168
17187
17192
17204
17228
17243
17253
17263
17276
17323
17337
17346
17370
17393
17406
17419
17440
17458
17499
17534
17544
17628
17657
17669
17672
17762
17768
17783
17794
17807
17822
17845
17849
17888
17894
17939
17958
17963
17983
18004
18017
18023
18047
18066
18078
18082
18103
18108
18123
18191
18214
18216
18229
18233
18244
18254
18259
18266
18278
18349
18362
18379
18385
18397
18400
18406
18461
18471
18485
18513
18528
18558
18637
18641
18653
18667
18692
18752
18756
18780
18885
18900
18905
18938
18954
18965
18988
19010
19018
19040
19044
19082
19084
19101
19102
19105
19107
19111
19117
19132
19162
19210
19225
19236
19238
19304
19342
19397
19442
19443
19468
19484
19489
19540
19558
19566
19569
19601
19603
19619
19637
19638
19649
19661
19669
19691
19734
19752
19777
19784
19785
19818
19821
19831
19869
19877
19902
19918
19929
19932
19978
19987
20012
20016
20034
20094
20107
20118
20136
20175
20199
20206
20219
20226
20231
20252
20255
20271
20289
20322
20326
20330
20334
20340
20386
20398
20443
20548
20576
20606
20612
20672
20683
20701
20708
20763
20781
20795
20808
20822
20839
20849
20881
20889
20908
20937
20946
20975
21062
21180
21222
21226
21235
21256
21295
21297
21315
21343
21362
21382
21389
21397
21398
21432
21501
21530
21531
21588
21600
21618
21631
21651
21666
21667
21672
21686
21773
21788
21791
21805
21806
21815
21834
21857
21871
21878
21882
21964
21970
22005
22006
22022
22028
22045
22050
22080
22081
22092
22112
22180
22213
22244
22260
22276
22286
22297
22310
22316
22356
22403
22440
22448
22492
22508
22557
22559
22570
22579
22585
22586
22590
22610
22626
22633
22673
22679
22710
22721
22744
22745
22783
22817
22818
22825
22838
22910
22919
22946
22966
22987
23009
23023
23047
23056
23072
23075
23083
23095
23149
23199
23207
23256
23311
23324
23388
23397
23475
23492
23500
23513
23514
23518
23565
23590
23591
23691
23694
23721
23742
23769
23832
23862
23915
23930
24011
24016
24019
24038
24046
24054
24127
24139
24142
24152
24187
24191
24234
24286
24297
24303
24354
24359
24408
24410
24422
24425
24435
24457
24478
24503
24506
24530
24549
24582
24605
24634
24639
24649
24652
24656
24690
24703
24743
24842
24845
24867
24881
24896
24922
24924
24935
24954
24969
24996
25002
25009
25025
25046
25065
25082
25095
25120
25133
25135
25139
25155
25188
25248
25260
25262
25303
25307
25325
25329
25339
25344
25347
25348
25382
25386
25416
25464
25491
25500
25503
25506
25528
25567
25579
25585
25596
25600
25613
25653
25670
25683
25693
25738
25751
25771
25785
25788
25807
25864
25885
25890
25904
25919
26011
26032
26042
26052
26081
26102
26115
26125
26149
26154
26232
26249
26253
26311
26325
26340
26377
26402
26448
26453
26454
26469
26504
26515
26545
26573
26579
26618
26635
26658
26662
26677
26699
26715
26726
26736
26747
26752
26759
26772
26782
26797
26805
26811
26814
26818
26830
26839
26848
26853
26874
26886
26888
26897
26957
26985
27020
27086
27096
27115
27152
27193
27202
27250
27269
27304
27401
27402
27406
27448
27461
27463
27466
27548
27628
27630
27639
27650
27757
27758
27772
27809
27816
27852
27870
27911
27935
27947
27984
28015
28046
28050
28104
28131
28132
28135
28145
28176
28195
28225
28260
28267
28274
28276
28288
28298
28364
28393
28403
28427
28477
28488
28519
28526
28541
28600
28614
28644
28651
28656
28676
28690
28698
28703
28704
28710
28752
28762
28773
28776
28790
28868
28884
28907
28909
28933
28937
28938
28951
28958
28983
28992
29007
29027
29076
29101
29120
29149
29150
29177
29178
29252
29294
29302
29308
29311
29335
29369
29394
29415
29465
29509
29528
29542
29549
29552
29571
29626
29670
29678
29680
29743
29766
29806
29839
29841
29861
29879
29884
29904
29909
29924
29936
29940
29972
29991
30022
30033
30065
30068
30085
30106
30111
30124
30127
30146
30157
30186
30187
30217
30232
30306
30311
30315
30379
30388
30393
30397
30403
30405
30413
30442
30462
30477
30483
30525
30554
30563
30578
30606
30618
30624
30653
30683
30692
30703
30711
30731
30741
30746
30802
30838
30845
30873
30907
30917
30923
30952
30954
30987
31019
31040
31043
31068
31091
31115
31118
31129
31177
31178
31243
31245
31246
31277
31279
31301
31366
31375
31384
31409
31414
31439
31443
31451
31462
31473
31477
31496
31504
31535
31542
31546
31566
31588
31593
31611
31629
31631
31633
31647
31661
31676
31715
31783
31792
31819
31823
31837
31867
31877
31965
31973
31995
32015
32038
32043
32081
32105
32208
32223
32259
32275
32291
32334
32354
32372
32381
32399
32405
32439
32442
32446
32462
32488
32494
32518
32529
32544
32550
32562
32566
32577
32588
32623
32645
32692
32708
32711
32734
32757
32768
32771
32821
32841
32855
32860
32869
32877
32896
32901
32911
32915
32916
32943
32951
32974
33010
33029
33113
33114
33195
33252
33324
33337
33359
33375
33399
33423
33439
33440
33449
33453
33477
33542
33548
33553
33573
33604
33666
33673
33699
33702
33735
33741
33745
33767
33775
33802
33840
33899
33924
33940
33946
33956
33963
33984
33997
34018
34025
34032
34041
34057
34063
34115
34123
34152
34209
34235
34248
34275
34297
34323
34351
34361
34365
34366
34370
34371
34375
34418
34419
34425
34445
34459
34470
34514
34540
34604
34663
34693
34699
34701
34727
34731
34735
34808
34854
34856
34859
34860
34869
34895
34897
34909
34934
34986
35097
35119
35133
35140
35182
35200
35232
35255
35258
35271
35272
35273
35283
35288
35290
35311
35314
35325
35330
35346
35393
35433
35440
35457
35467
35531
35548
35571
35574
35578
35579
35581
35583
35587
35592
35596
35617
35655
35663
35665
35683
35685
35703
35711
35726
35770
35785
35793
35820
35828
35844
35886
35899
35910
35918
35924
35926
35945
35956
35981
35997
36011
36015
36028
36052
36084
36095
36108
36190
36208
36217
36226
36238
36261
36266
36274
36305
36319
36323
36328
36335
36340
36348
36362
36363
36425
36438
36460
36463
36488
36495
36498
36506
36508
36511
36541
36554
36570
36580
36583
36591
36621
36626
36643
36644
36649
36651
36656
36658
36665
36693
36694
36716
36728
36780
36809
36829
36837
36847
36851
36908
36942
36962
36965
37005
37035
37042
37072
37091
37103
37105
37111
37121
37135
37151
37195
37226
37230
37231
37232
37252
37253
37274
37276
37307
37343
37350
37354
37370
37372
37410
37423
37427
37428
37431
37436
37439
37450
37456
37462
37483
37484
37522
37531
37550
37557
37595
37601
37602
37612
37640
37676
37702
37710
37718
37721
37735
37737
37739
37828
37857
37872
37874
37897
37909
37977
37993
38005
38023
38046
38059
38096
38115
38140
38163
38168
38187
38199
38228
38237
38254
38283
38337
38348
38354
38389
38392
38398
38413
38436
38443
38496
38525
38539
38544
38559
38601
38603
38608
38639
38655
38703
38708
38720
38735
38767
38776
38785
38811
38837
38838
38843
38844
38861
38914
38929
38932
38967
38969
38980
39000
39011
39019
39034
39068
39085
39204
39219
39230
39242
39248
39249
39299
39320
39338
39376
39379
39402
39416
39427
39447
39488
39535
39544
39546
39571
39590
39591
39608
39623
39656
39662
39668
39706
39730
39816
39832
39837
39854
39855
39866
39870
39909
39938
39998
40019
40023
40027
40127
40145
40158
40170
40181
40187
40201
40208
40217
40221
40242
40250
40277
40290
40291
40317
40332
40333
40334
40408
40436
40461
40475
40477
40509
40511
40547
40550
40593
40613
40617
40647
40664
40689
40741
40749
40761
40763
40777
40778
40805
40826
40837
40846
40858
40870
40880
40896
40920
40956
40983
40990
41017
41057
41065
41074
41100
41127
41185
41239
41248
41289
41308
41317
41345
41363
41384
41390
41429
41451
41479
41512
41548
41566
41579
41588
41612
41633
41646
41714
41778
41781
41786
41816
41832
41841
41851
41865
41924
41978
41992
42007
42021
42024
42025
42052
42104
42111
42117
42125
42131
42144
42210
42217
42227
42258
42276
42279
42282
42289
42318
42336
42344
42347
42375
42412
42438
42491
42535
42539
42560
42597
42629
42635
42645
42654
42690
42699
42702
42718
42739
42760
42772
42773
42785
42792
42810
42832
42843
42949
42971
43018
43100
43110
43117
43118
43140
43154
43171
43187
43193
43198
43223
43225
43275
43321
43357
43375
43378
43407
43409
43452
43454
43476
43477
43499
43500
43515
43562
43571
43584
43586
43602
43610
43617
43727
43735
43741
43762
43777
43802
43805
43824
43833
43871
43878
43903
43907
43908
43989
43991
44020
44032
44036
44065
44066
44081
44101
44109
44112
44118
44180
44191
44193
44197
44201
44204
44207
44208
44213
44216
44244
44313
44365
44410
44431
44436
44439
44440
44457
44470
44478
44496
44508
44510
44515
44518
44521
44560
44582
44598
44602
44642
44644
44655
44677
44687
44725
44753
44757
44762
44767
44774
44918
44936
44948
44979
44991
45000
45014
45029
45044
45060
45069
45073
45104
45119
45148
45165
45175
45195
45225
45228
45229
45230
45275
45281
45335
45354
45372
45414
45448
45452
45468
45486
45490
45541
45589
45590
45601
45637
45640
45642
45651
45670
45682
45686
45706
45716
45734
45738
45756
45766
45801
45802
45819
45823
45827
45829
45850
45851
45864
45879
45893
45895
45932
45933
45938
45946
45959
46019
46046
46063
46094
46125
46129
46173
46197
46205
46216
46231
46233
46244
46276
46278
46291
46295
46316
46331
46407
46445
46467
46475
46491
46514
46533
46535
46561
46588
46591
46598
46605
46627
46645
46659
46664
46669
46711
46726
46778
46815
46822
46843
46875
46887
46918
46932
46937
46982
47001
47006
47014
47034
47039
47046
47048
47049
47071
47093
47124
47127
47132
47157
47182
47186
47195
47214
47256
47280
47296
47323
47337
47342
47367
47374
47439
47452
47466
47477
47481
47497
47512
47514
47536
47593
47665
47668
47689
47691
47699
47709
47711
47722
47785
47801
47815
47819
47824
47833
47842
47843
47906
47907
47984
47987
48000
48009
48012
48015
48105
48153
48178
48179
48235
48291
48300
48335
48354
48402
48419
48424
48465
48479
48496
48518
48533
48536
48579
48592
48599
48606
48611
48641
48654
48664
48684
48687
48723
48754
48759
48763
48773
48783
48822
48833
48843
48861
48885
48893
48899
48930
48945
48947
48972
48977
48980
48984
48989
49003
49034
49037
49061
49063
49067
49125
49131
49150
49185
49216
49237
49267
49282
49302
49339
49378
49390
49395
49396
49398
49401
49426
49427
49443
49451
49476
49485
49509
49523
49531
49542
49550
49557
49568
49591
49610
49634
49663
49669
49688
49705
49711
49718
49775
49782
49798
49833
49854
49857
49862
49877
49934
49936
49953
49962
50006
50041
50043
50074
50080
50091
50099
50100
50105
50166
50254
50269
50288
50306
50307
50328
50353
50356
50374
50384
50396
50405
50410
50454
50482
50490
50494
50517
50524
50530
50607
50620
50658
50662
50687
50688
50702
50715
50716
50738
50774
50798
50813
50835
50867
50881
50892
50903
50909
50914
50930
50948
50950
51033
51063
51064
51065
51096
51110
51117
51128
51140
51149
51164
51202
51215
51245
51276
51318
51359
51364
51377
51421
51453
51488
51489
51526
51552
51553
51555
51560
51581
51612
51629
51652
51680
51715
51719
51726
51760
51791
51864
51887
51896
51919
51920
51950
51955
52000
52013
52070
52075
52089
52098
52103
52125
52126
52130
52140
52189
52208
52228
52230
52253
52268
52278
52287
52299
52353
52461
52536
52555
52586
52591
52616
52654
52657
52660
52673
52709
52720
52747
52763
52766
52784
52812
52842
52851
52861
52864
52867
52960
52991
53031
53033
53034
53057
53094
53108
53135
53210
53217
53229
53267
53268
53294
53311
53324
53330
53332
53369
53387
53393
53441
53448
53506
53521
53537
53543
53607
53617
53640
53645
53659
53703
53708
53763
53764
53774
53804
53811
53851
53911
53959
53981
54002
54022
54023
54107
54113
54163
54172
54249
54252
54314
54343
54350
54364
54377
54390
54405
54416
54430
54453
54473
54475
54486
54487
54508
54509
54515
54534
54604
54611
54657
54674
54692
54712
54743
54747
54752
54816
54823
54845
54850
54919
54942
54952
54979
54998
55004
55014
55036
55041
55059
55087
55095
55103
55148
55164
55181
55218
55230
55246
55266
55279
55301
55327
55358
55410
55433
55442
55469
55477
55491
55500
55514
55521
55532
55547
55548
55554
55607
55634
55666
55748
55779
55781
55784
55854
55864
55885
55903
55931
55950
55959
56004
56007
56008
56063
56076
56136
56149
56159
56169
56203
56263
56287
56324
56329
56335
56344
56345
56360
56386
56388
56394
56417
56482
56485
56510
56533
56542
56586
56612
56625
56647
56652
56681
56687
56729
56763
56764
56769
56792
56795
56799
56828
56852
56870
56880
56895
56898
56906
56922
56950
56963
56983
56996
57027
57066
57087
57105
57121
57208
57239
57245
57259
57269
57278
57281
57290
57345
57381
57388
57398
57401
57417
57418
57420
57439
57460
57478
57494
57525
57529
57530
57531
57542
57546
57616
57617
57645
57650
57660
57693
57694
57705
57706
57728
57760
57764
57831
57844
57861
57868
57897
57910
57940
57971
57972
57973
58029
58091
58120
58149
58151
58160
58196
58222
58233
58236
58254
58265
58292
58309
58317
58347
58360
58362
58363
58416
58480
58512
58562
58570
58573
58576
58595
58614
58621
58632
58645
58656
58665
58683
58725
58740
58794
58821
58855
58869
58906
58916
58918
58933
58941
58956
58969
58976
58984
58987
58998
59005
59015
59022
59024
59049
59061
59065
59074
59080
59083
59085
59089
59116
59151
59153
59162
59191
59201
59219
59266
59337
59360
59384
59389
59407
59416
59419
59428
59442
59458
59469
59495
59516
59535
59548
59555
59556
59600
59613
59624
59632
59645
59665
59671
59681
59688
59724
59746
59779
59790
59793
59799
59820
59834
59838
59865
59873
59895
59922
59951
59952
59955
59960
59973
59997
60026
60027
60077
60088
60107
60136
60138
60252
60265
60274
60293
60322
60337
60380
60394
60414
60438
60441
60444
60451
60466
60489
60490
60504
60512
60556
60568
60580
60663
60676
60696
60704
60752
60764
60771
60789
60823
60842
60876
60908
60921
60954
60987
60988
60991
60999
61004
61020
61052
61125
61188
61222
61225
61248
61250
61267
61271
61274
61300
61308
61343
61350
61366
61400
61456
61465
61495
61504
61511
61515
61522
61536
61537
61567
61578
61604
61626
61635
61672
61708
61717
61731
61754
61757
61767
61778
61780
61823
61828
61900
61909
61975
61978
61995
62005
62015
62032
62107
62110
62119
62124
62155
62157
62164
62173
62198
62207
62225
62288
62292
62313
62321
62371
62403
62421
62430
62440
62442
62478
62507
62508
62509
62546
62573
62579
62589
62596
62600
62609
62617
62642
62670
62673
62693
62730
62746
62755
62756
62771
62816
62834
62842
62846
62880
62886
62887
62908
63008
63028
63038
63091
63110
63116
63158
63184
63185
63198
63204
63208
63238
63260
63268
63286
63295
63298
63336
63372
63428
63463
63525
63528
63567
63572
63644
63664
63724
63775
63842
63853
63867
63872
63878
63900
63927
63928
63935
63976
63983
63984
64020
64088
64093
64098
64099
64119
64121
64148
64163
64185
64202
64204
64261
64273
64278
64322
64329
64361
64395
64396
64397
64421
64430
64470
64473
64500
64508
64557
64570
64594
64601
64611
64621
64631
64650
64682
64732
64753
64767
64773
64791
64792
64840
64844
64847
64864
64872
64899
64930
64933
64971
64975
65002
65007
65013
65025
65065
65079
65092
65095
65105
65154
65222
65245
65276
65285
65313
65316
65338
65350
65354
65375
65380
65381
65419
65445
65446
65454
65473
65482
65494
65510
65554
65567
65583
65608
65625
65634
65679
65686
65688
65708
65710
65720
65725
65776
65796
65799
65880
65884
65942
65943
65948
65957
65973
65984
65989
65996
66065
66133
66167
66187
66227
66237
66256
66266
66292
66326
66343
66351
66362
66370
66375
66385
66413
66422
66425
66433
66441
66455
66500
66503
66507
66515
66593
66625
66632
66653
66662
66696
66704
66712
66803
66808
66832
66841
66853
66854
66896
66908
66926
66961
66965
66978
67024
67034
67036
67047
67053
67068
67073
67077
67088
67102
67104
67136
67180
67228
67240
67247
67287
67290
67297
67318
67333
67336
67368
67396
67436
67439
67451
67482
67501
67522
67523
67528
67549
67562
67567
67579
67588
67610
67620
67621
67682
67705
67718
67723
67730
67736
67744
67754
67771
67778
67782
67804
67813
67835
67869
67876
67877
67901
67944
67966
67973
67984
67986
68080
68091
68144
68192
68193
68257
68301
68303
68307
68318
68330
68338
68342
68346
68347
68366
68382
68451
68493
68504
68530
68546
68610
68629
68643
68644
68704
68752
68780
68783
68798
68805
68826
68872
68873
68904
68924
68931
68941
68978
68988
68991
69023
69033
69044
69085
69150
69153
69170
69189
69202
69217
69220
69230
69249
69291
69306
69334
69357
69368
69378
69472
69477
69522
69532
69546
69555
69575
69584
69592
69615
69668
69670
69687
69711
69716
69784
69786
69823
69887
69894
69921
69929
69956
69970
69986
69992
70103
70116
70142
70152
70168
70171
70207
70217
70225
70237
70274
70275
70282
70283
70284
70289
70292
70346
70366
70429
70453
70528
70560
70568
70615
70630
70638
70646
70652
70670
70716
70738
70741
70750
70780
70808
70809
70812
70835
70853
70865
70986
70991
71049
71053
71072
71097
71109
71122
71180
71206
71207
71228
71234
71236
71238
71243
71265
71324
71335
71336
71359
71372
71376
71410
71421
71423
71425
71435
71447
71458
71469
71482
71483
71485
71515
71516
71521
71538
71540
71577
71598
71599
71647
71681
71745
71750
71751
71782
71826
71836
71854
71883
71909
71918
71921
71982
71988
71996
72043
72051
72080
72107
72115
72134
72135
72145
72155
72190
72211
72215
72242
72253
72256
72272
72297
72304
72329
72331
72335
72342
72345
72352
72385
72403
72418
72441
72455
72475
72501
72522
72534
72541
72590
72604
72609
72624
72643
72649
72665
72694
72724
72732
72739
72786
72799
72801
72899
72905
72907
72953
72958
72965
73015
73069
73102
73149
73189
73193
73194
73250
73289
73297
73299
73342
73363
73379
73385
73388
73419
73439
73446
73480
73508
73535
73542
73546
73566
73575
73583
73601
73626
73642
73681
73719
73747
73754
73756
73769
73793
73886
73893
73941
73951
73954
74013
74040
74053
74146
74194
74210
74219
74235
74245
74248
74249
74258
74279
74291
74294
74318
74346
74347
74357
74382
74406
74413
74442
74478
74502
74536
74587
74614
74620
74624
74625
74665
74667
74669
74681
74687
74699
74739
74757
74832
74838
74863
74874
74879
74882
74883
74901
74906
74984
74987
74992
75034
75050
75088
75135
75168
75169
75180
75251
75257
75258
75279
75288
75304
75342
75364
75444
75447
75448
75451
75474
75475
75507
75523
75556
75567
75636
75656
75658
75659
75691
75693
75709
75725
75790
75817
75831
75836
75854
75864
75886
75923
75925
75926
75935
75965
75980
76011
76027
76032
76053
76056
76059
76089
76094
76106
76112
76115
76175
76185
76189
76195
76244
76253
76257
76281
76286
76318
76319
76348
76363
76393
76406
76413
76438
76443
76455
76463
76474
76511
76524
76549
76561
76615
76627
76648
76750
76766
76781
76794
76818
76828
76843
76893
76894
76901
76907
76923
76924
76963
76972
77008
77030
77039
77060
77099
77103
77106
77125
77146
77148
77154
77166
77182
77210
77211
77216
77230
77234
77240
77260
77262
77292
77304
77320
77333
77362
77384
77415
77429
77432
77448
77452
77456
77502
77571
77585
77597
77627
77656
77658
77670
77687
77723
77725
77739
77750
77766
77805
77822
77831
77863
77867
77877
77883
77921
77939
77940
77970
77974
77998
78025
78029
78064
78094
78123
78166
78172
78215
78252
78255
78337
78359
78366
78379
78475
78479
78495
78508
78517
78523
78524
78538
78547
78556
78596
78687
78688
78694
78703
78706
78753
78759
78773
78776
78777
78779
78791
78819
78826
78881
78898
78903
78941
78943
78987
78990
78998
79016
79025
79031
79046
79063
79069
79070
79097
79112
79116
79152
79183
79212
79255
79259
79300
79321
79322
79379
79381
79401
79403
79412
79449
79467
79468
79510
79517
79518
79539
79540
79556
79564
79570
79571
79580
79601
79611
79654
79656
79660
79675
79677
79678
79693
79697
79736
79740
79770
79822
79829
79844
79868
79874
79905
79916
79928
79938
79964
79988
80036
80038
80042
80065
80073
80074
80098
80118
80125
80167
80180
80184
80186
80193
80202
80211
80217
80224
80232
80238
80241
80264
80287
80331
80335
80370
80373
80378
80379
80388
80405
80416
80417
80419
80441
80485
80499
80515
80529
80567
80609
80632
80658
80675
80723
80727
80752
80790
80796
80802
80835
80848
80865
80870
80874
80899
80916
80976
80981
80991
81002
81022
81024
81054
81080
81112
81125
81151
81160
81227
81270
81283
81293
81296
81344
81353
81410
81432
81452
81486
81489
81520
81552
81555
81585
81593
81626
81673
81700
81726
81742
81747
81749
81785
81799
81819
81831
81871
81891
81920
81921
81932
81964
81972
81980
81998
82002
82041
82043
82060
82085
82109
82125
82165
82176
82185
82201
82212
82215
82260
82268
82312
82349
82354
82357
82360
82378
82381
82409
82421
82430
82447
82497
82506
82511
82530
82561
82567
82574
82580
82643
82655
82689
82701
82713
82720
82725
82757
82761
82807
82811
82848
82858
82868
82870
82880
82910
82929
82931
82966
82973
82980
82992
83033
83074
83083
83090
83116
83129
83133
83196
83216
83294
83299
83330
83349
83397
83403
83413
83443
83456
83457
83460
83466
83497
83508
83514
83516
83529
83541
83549
83556
83567
83590
83620
83626
83635
83693
83712
83717
83735
83740
83743
83752
83783
83785
83792
83839
83855
83876
83911
84022
84053
84081
84086
84130
84140
84215
84217
84307
84343
84352
84367
84400
84401
84434
84436
84447
84453
84462
84473
84487
84488
84492
84530
84531
84563
84565
84590
84601
84608
84609
84624
84650
84668
84721
84750
84769
84774
84786
84790
84802
84814
84815
84828
84838
84841
84887
84889
84893
84909
84931
85026
85039
85045
85066
85075
85109
85142
85252
85261
85273
85274
85294
85299
85307
85325
85343
85365
85381
85391
85396
85413
85459
85470
85489
85526
85543
85554
85631
85640
85641
85642
85645
85714
85733
85753
85768
85792
85803
85871
85885
85911
85921
85927
85954
85959
85965
85978
85996
86024
86052
86058
86134
86164
86171
86174
86229
86270
86327
86361
86374
86418
86440
86450
86505
86522
86525
86526
86551
86579
86594
86610
86682
86686
86694
86697
86740
86756
86794
86814
86818
86832
86886
86912
86913
86932
86944
86951
86964
87017
87064
87106
87120
87139
87144
87148
87153
87184
87247
87290
87292
87369
87391
87404
87417
87433
87447
87460
87481
87491
87510
87584
87641
87658
87669
87674
87688
87689
87731
87732
87743
87800
87811
87828
87834
87862
87872
87881
87891
87927
87949
87951
87978
88035
88097
88112
88130
88142
88161
88187
88269
88271
88278
88290
88333
88343
88366
88396
88398
88407
88411
88422
88426
88428
88431
88435
88438
88462
88476
88498
88504
88535
88541
88581
88599
88604
88633
88662
88669
88670
88684
88702
88724
88729
88778
88786
88808
88869
88880
88895
88896
88912
88923
88926
88971
89058
89059
89120
89190
89194
89228
89235
89263
89267
89276
89299
89305
89339
89392
89398
89411
89492
89495
89516
89544
89593
89595
89615
89636
89648
89657
89675
89679
89708
89714
89716
89733
89736
89745
89783
89785
89833
89838
89854
89861
89869
89890
89918
89923
89936
89945
89951
89971
90003
90027
90028
90040
90101
90109
90130
90147
90148
90168
90207
90212
90226
90296
90329
90333
90386
90405
90418
90427
90453
90455
90502
90515
90522
90559
90587
90598
90601
90614
90618
90630
90661
90677
90690
90717
90721
90726
90733
90779
90796
90811
90812
90846
90854
90868
90910
90911
90923
90931
90934
90950
90960
90984
90987
91001
91024
91040
91057
91066
91083
91087
91088
91098
91126
91165
91210
91213
91261
91268
91327
91329
91331
91360
91371
91383
91404
91409
91416
91423
91449
91463
91464
91511
91552
91564
91615
91657
91665
91741
91773
91779
91787
91804
91817
91838
91845
91851
91886
91891
91953
91963
91966
91974
91975
92001
92011
92019
92029
92057
92059
92062
92064
92067
92081
92102
92106
92116
92119
92142
92150
92155
92173
92180
92181
92186
92196
92240
92259
92288
92320
92327
92338
92342
92362
92371
92403
92438
92447
92453
92456
92467
92498
92535
92557
92565
92577
92583
92589
92590
92624
92636
92645
92651
92666
92675
92696
92811
92817
92822
92852
92853
92859
92860
92945
92952
92969
92983
93013
93024
93067
93079
93098
93107
93140
93155
93189
93201
93241
93244
93260
93292
93293
93303
93305
93308
93337
93344
93382
93401
93403
93412
93416
93463
93465
93481
93526
93538
93543
93552
93555
93565
93599
93613
93616
93620
93621
93625
93659
93677
93716
93736
93748
93753
93795
93834
93886
93934
93946
93972
94013
94041
94042
94073
94095
94108
94114
94136
94141
94155
94201
94215
94230
94245
94309
94313
94318
94335
94336
94350
94353
94377
94380
94401
94408
94413
94417
94434
94446
94447
94487
94491
94497
94503
94544
94649
94650
94662
94677
94685
94711
94717
94758
94794
94850
94853
94859
94862
94874
94890
94900
94923
94929
94955
94956
95008
95017
95021
95023
95026
95043
95048
95078
95091
95115
95139
95143
95155
95171
95208
95222
95236
95244
95283
95336
95338
95340
95395
95426
95449
95452
95471
95472
95476
95479
95542
95563
95580
95582
95620
95643
95663
95682
95697
95719
95737
95751
95752
95818
95823
95825
95830
95833
95837
95880
95901
95923
95936
95947
95952
95962
96014
96024
96026
96027
96032
96048
96065
96075
96094
96102
96112
96135
96205
96235
96254
96261
96266
96299
96355
96370
96384
96391
96425
96437
96446
96461
96476
96507
96514
96520
96533
96554
96608
96623
96638
96650
96665
96668
96789
96806
96823
96824
96834
96845
96881
96895
96935
96945
96960
96961
96963
96964
96968
97005
97023
97027
97034
97057
97098
97116
97118
97147
97150
97154
97170
97175
97177
97179
97235
97261
97296
97304
97314
97319
97356
97375
97379
97396
97406
97427
97441
97447
97501
97502
97542
97607
97610
97621
97624
97627
97674
97681
97682
97704
97720
97729
97746
97788
97852
97862
97889
97898
97908
97948
97952
98005
98021
98060
98061
98074
98078
98115
98136
98170
98208
98219
98281
98306
98351
98363
98404
98450
98548
98551
98628
98632
98641
98720
98730
98755
98782
98799
98822
98861
98869
98879
98891
98898
98917
98920
98944
98954
98972
99023
99034
99035
99084
99085
99099
99162
99196
99199
99201
99227
99250
99254
99258
99278
99312
99329
99341
99394
99461
99470
99493
99532
99550
99591
99613
99628
99633
99648
99670
99690
99727
99735
99737
99756
99781
99793
99798
99803
99812
99820
99838
99847
99853
99864
99898
99903
99944
100019
100031
100056
100108
100115
100129
100139
100143
100157
100165
100183
100185
100201
100246
100267
100283
100301
100374
100416
100449
100456
100483
100526
100549
100601
100612
100639
100642
100652
100659
100683
100688
100712
100720
100752
100764
100861
100874
100941
100949
100978
100992
101028
101035
101104
101107
101115
101154
101167
101202
101204
101209
101242
101277
101285
101318
101331
101345
101366
101369
101376
101401
101403
101404
101419
101420
101454
101530
101579
101597
101660
101667
101672
101706
101711
101721
101773
101834
101860
101910
101911
101956
101960
101965
101981
102006
102065
102068
102094
102177
102193
102200
102268
102281
102312
102358
102369
102383
102394
102417
102427
102440
102441
102450
102512
102522
102523
102524
102539
102548
102553
102565
102626
102674
102684
102706
102729
102736
102746
102765
102769
102776
102792
102816
102850
102866
102924
102949
102963
102969
102982
103024
103061
103065
103126
103133
103140
103150
103155
103162
103168
103184
103191
103199
103209
103247
103287
103292
103296
103346
103352
103363
103438
103464
103465
103475
103485
103490
103493
103497
103513
103529
103563
103564
103634
103637
103650
103653
103664
103665
103667
103672
103698
103701
103706
103715
103718
103736
103760
103770
103804
103823
103827
103863
103892
103923
103946
103948
103955
103958
103960
103999
104021
104023
104029
104031
104073
104084
104117
104119
104121
104139
104163
104175
104200
104204
104216
104256
104258
104264
104272
104297
104308
104376
104399
104419
104425
104427
104434
104439
104460
104464
104469
104495
104518
104523
104564
104569
104596
104611
104630
104658
104660
104694
104703
104768
104833
104853
105011
105046
105080
105091
105110
105112
105129
105176
105195
105229
105251
105258
105275
105282
105286
105324
105328
105338
105359
105369
105395
105400
105415
105429
105430
105434
105448
105450
105465
105466
105476
105507
105508
105516
105551
105563
105575
105578
105600
105617
105670
105687
105722
105764
105782
105822
105838
105840
105854
105872
105881
105888
105892
105897
105899
105949
105983
106003
106016
106081
106123
106125
106179
106184
106227
106246
106258
106262
106277
106280
106298
106318
106344
106350
106354
106381
106383
106394
106407
106415
106433
106441
106470
106513
106561
106586
106616
106623
106649
106651
106714
106735
106758
106773
106796
106834
106866
106881
106896
106909
106955
106962
106968
106978
107022
107043
107054
107098
107150
107158
107173
107237
107248
107267
107300
107301
107325
107348
107353
107392
107397
107421
107543
107548
107554
107562
107570
107573
107596
107637
107657
107662
107670
107676
107694
107700
107744
107767
107771
107840
107859
107866
107871
107907
107926
107941
107957
107959
107966
108005
108067
108099
108126
108154
108173
108194
108210
108221
108241
108242
108267
108313
108326
108334
108346
108347
108405
108411
108422
108426
108433
108447
108449
108451
108477
108485
108496
108498
108502
108546
108548
108563
108566
108567
108577
108595
108597
108661
108712
108721
108761
108762
108791
108797
108808
108827
108828
108838
108853
108881
108883
108936
108946
108948
108973
108989
109023
109062
109069
109076
109078
109145
109197
109198
109202
109207
109214
109232
109244
109307
109335
109351
109353
109367
109389
109393
109406
109426
109469
109471
109473
109483
109502
109508
109576
109644
109680
109794
109813
109845
109848
109892
109902
109927
109930
109973
109977
109992
110011
110026
110040
110047
110060
110103
110104
110155
110189
110197
110220
110221
110261
110273
110276
110321
110330
110362
110365
110392
110393
110399
110415
110416
110425
110437
110438
110449
110454
110472
110489
110514
110531
110563
110575
110578
110581
110603
110667
110704
110735
110736
110737
110744
110763
110766
110782
110784
110798
110816
110836
110844
110857
110870
110882
110904
110996
110999
111028
111091
111098
111101
111108
111115
111144
111187
111188
111191
111200
111202
111238
111296
111301
111306
111312
111314
111335
111345
111353
111396
111405
111408
111415
111436
111442
111458
111466
111468
111469
111488
111493
111504
111520
111568
111585
111658
111666
111673
111678
111715
111729
111743
111755
111765
111782
111783
111795
111805
111810
111812
111866
111927
111929
111932
111938
111978
112047
112048
112051
112085
112101
112134
112226
112230
112232
112262
112267
112272
112279
112291
112295
112301
112318
112328
112330
112343
112376
112381
112401
112403
112405
112423
112439
112446
112465
112468
112489
112492
112495
112547
112593
112629
112659
112673
112684
112688
112705
112718
112732
112755
112798
112804
112835
112836
112851
112889
112894
112928
112943
112944
112946
112956
112989
113093
113110
113130
113133
113137
113196
113198
113224
113227
113228
113235
113248
113289
113292
113310
113321
113323
113373
113430
113432
113435
113437
113470
113497
113509
113516
113529
113534
113541
113579
113589
113601
113625
113632
113650
113665
113690
113700
113701
113717
113771
113846
113850
113874
113889
113985
114011
114124
114150
114169
114170
114260
114272
114284
114300
114307
114332
114362
114397
114410
114413
114426
114445
114477
114484
114491
114501
114517
114536
114550
114575
114596
114615
114630
114669
114753
114764
114765
114784
114793
114801
114805
114806
114812
114826
114851
114855
114859
114871
114875
114876
114901
114907
114957
114972
114985
115002
115024
115049
115070
115105
115126
115136
115168
115246
115252
115307
115343
115344
115357
115381
115396
115421
115469
115482
115504
115516
115529
115541
115543
115556
115593
115609
115628
115652
115720
115731
115752
115756
115874
115881
115907
115908
116040
116059
116090
116103
116141
116143
116152
116176
116202
116228
116243
116298
116318
116327
116335
116342
116359
116369
116373
116375
116376
116411
116417
116446
116485
116510
116551
116563
116580
116620
116633
116640
116669
116726
116760
116764
116779
116802
116845
116868
116884
116910
116919
116939
116952
116961
117027
117030
117031
117042
117045
117105
117132
117141
117143
117189
117219
117258
117292
117345
117353
117437
117447
117459
117483
117511
117519
117532
117572
117580
117597
117605
117632
117633
117667
117690
117698
117701
117707
117791
117809
117821
117834
117871
117881
117906
117909
117912
117925
117975
117990
118023
118034
118048
118051
118052
118060
118067
118098
118152
118159
118167
118204
118249
118250
118259
118287
118295
118298
118302
118358
118360
118402
118462
118512
118515
118524
118525
118556
118563
118577
118604
118617
118622
118642
118655
118740
118771
118778
118780
118785
118798
118799
118802
118806
118814
118836
118869
118922
118965
119051
119060
119135
119140
119174
119221
119231
119256
119280
119294
119307
119309
119323
119329
119346
119355
119424
119486
119499
119559
119571
119592
119612
119640
119707
119708
119737
119743
119750
119751
119778
119780
119784
119797
119874
119899
119912
119949
119960
119962
119970
119976
119978
120020
120024
120070
120076
120081
120089
120090
120110
120116
120119
120122
120129
120130
120157
120202
120235
120250
120273
120310
120366
120368
120382
120389
120474
120526
120561
120593
120599
120632
120661
120718
120719
120730
120748
120775
120777
120792
120886
120890
120905
120943
120947
120948
120954
120965
120990
121000
121020
121034
121046
121060
121062
121076
121098
121111
121212
121216
121267
121271
121325
121340
121345
121350
121361
121388
121415
121425
121426
121427
121434
121448
121468
121469
121475
121502
121504
121520
121532
121554
121578
121607
121637
121669
121672
121677
121702
121739
121752
121765
121786
121798
121811
121825
121828
121846
121886
121902
121913
121928
121949
121956
121993
122009
122085
122087
122107
122110
122138
122168
122227
122234
122247
122263
122278
122294
122297
122301
122305
122315
122330
122345
122352
122370
122394
122417
122438
122470
122533
122554
122561
122572
122600
122608
122617
122627
122630
122662
122666
122695
122696
122739
122791
122802
122875
122883
122897
122906
122979
122995
123009
123041
123065
123100
123114
123117
123130
123151
123153
123187
123193
123204
123219
123260
123275
123360
123377
123397
123438
123444
123449
123461
123466
123467
123498
123588
123590
123641
123642
123651
123658
123678
123732
123739
123745
123749
123776
123825
123828
123854
123864
123868
123871
123921
123932
123973
124021
124022
124025
124046
124073
124106
124118
124123
124143
124163
124197
124207
124212
124219
124231
124285
124314
124324
124325
124332
124340
124368
124376
124423
124427
124483
124495
124528
124533
124541
124585
124642
124664
124667
124689
124690
124711
124718
124722
124742
124758
124763
124775
124804
124829
124838
124914
124924
124948
124977
124980
124981
124984
124989
125001
125026
125028
125047
125051
125074
125120
125127
125139
125180
125198
125229
125256
125326
125329
125341
125431
125451
125465
125496
125569
125582
125615
125656
125677
125734
125749
125769
125823
125866
125908
125916
125933
125943
125985
126027
126036
126049
126127
126135
126165
126168
126183
126212
126275
126277
126286
126299
126336
126366
126370
126383
126396
126402
126425
126439
126474
126498
126499
126539
126563
126575
126588
126601
126607
126648
126662
126679
126711
126734
126755
126756
126775
126781
126819
126835
126836
126848
126850
126855
126864
126881
126908
126920
126943
126997
127024
127038
127052
127064
127071
127077
127079
127091
127110
127119
127127
127144
127145
127159
127174
127180
127244
127272
127278
127332
127353
127354
127406
127427
127438
127454
127463
127464
127467
127495
127506
127531
127538
127562
127573
127591
127600
127611
127612
127624
127649
127656
127695
127712
127722
127805
127810
127850
127931
127946
127957
127959
127960
127962
127972
127985
128005
128056
128057
128078
128081
128096
128097
128109
128117
128157
128187
128213
128230
128235
128238
128250
128253
128273
128290
128297
128307
128324
128336
128350
128384
128416
128474
128485
128498
128527
128586
128609
128697
128728
128822
128830
128842
128870
128884
128890
128906
128931
128933
128949
128962
128981
128995
129005
129028
129054
129136
129176
129211
129213
129226
129247
129287
129295
129344
129353
129354
129359
129360
129362
129444
129542
129547
129580
129625
129658
129664
129700
129716
129761
129777
129805
129809
129817
129857
129871
129900
129901
129915
129998
130006
130010
130011
130013
130017
130037
130038
130061
130108
130122
130176
130186
130187
130196
130233
130245
130258
130281
130294
130297
130379
130381
130393
130428
130437
130451
130479
130488
130507
130509
130514
130522
130567
130596
130615
130648
130650
130693
130695
130703
130810
130831
130881
130882
130892
130932
130956
130971
131001
131004
131032
131056
131135
131199
131271
131279
131306
131320
131336
131353
131391
131415
131463
131507
131518
131528
131599
131617
131673
131712
131817
131824
131831
131838
131854
131866
131873
131921
131925
131946
131953
131955
132000
132074
132080
132114
132130
132146
132178
132248
132260
132302
132306
132315
132328
132364
132400
132408
132409
132421
132440
132453
132464
132467
132495
132501
132509
132511
132526
132537
132557
132558
132578
132592
132595
132613
132615
132621
132651
132663
132693
132708
132728
132771
132776
132784
132785
132820
132845
132906
132913
132924
132926
132961
132967
132994
133033
133094
133125
133131
133138
133145
133179
133202
133220
133234
133261
133263
133280
133281
133325
133369
133372
133430
133452
133468
133509
133517
133531
133552
133598
133611
133643
133645
133680
133724
133748
133756
133765
133769
133845
133846
133880
133916
133934
134009
134026
134030
134060
134063
134083
134088
134093
134095
134107
134118
134123
134174
134263
134265
134297
134306
134311
134322
134408
134430
134432
134434
134446
134456
134480
134493
134528
134552
134557
134593
134622
134641
134671
134692
134736
134743
134768
134769
134791
134814
134836
134846
134847
134867
134876
134886
134910
134937
134952
135079
135085
135096
135098
135105
135110
135144
135145
135146
135147
135152
135173
135202
135207
135238
135268
135269
135270
135319
135349
135373
135392
135404
135423
135478
135573
135624
135630
135643
135659
135663
135706
135731
135757
135782
135787
135823
135858
135886
135911
135920
135948
135950
135967
136013
136024
136076
136109
136191
136192
136201
136245
136249
136255
136263
136295
136307
136314
136327
136362
136391
136398
136404
136437
136470
136519
136524
136540
136590
136622
136670
136753
136767
136778
136783
136789
136806
136850
136884
136892
136893
136900
136904
136922
136933
136959
136968
136982
137002
137022
137050
137098
137113
137120
137141
137165
137172
137176
137225
137229
137260
137265
137295
137325
137339
137412
137425
137432
137435
137441
137443
137453
137456
137481
137483
137484
137490
137493
137501
137574
137585
137638
137654
137702
137706
137726
137736
137740
137748
137775
137791
137826
137849
137878
137897
137901
137976
137985
137999
138014
138056
138098
138120
138165
138175
138231
138240
138261
138272
138286
138311
138407
138413
138421
138429
138430
138442
138450
138459
138498
138500
138507
138523
138550
138554
138561
138568
138569
138583
138630
138635
138660
138665
138676
138677
138725
138762
138767
138772
138780
138807
138838
138855
138872
138885
138901
138910
138948
138953
138959
138989
139013
139036
139044
139055
139081
139085
139132
139133
139156
139162
139168
139217
139224
139226
139324
139328
139332
139350
139351
139365
139371
139398
139410
139426
139439
139442
139448
139489
139560
139568
139570
139576
139612
139659
139668
139670
139686
139700
139716
139766
139784
139785
139851
139873
139889
139917
139926
139955
139963
139967
139985
140011
140039
140046
140082
140124
140164
140182
140202
140254
140325
140341
140347
140355
140369
140405
140432
140459
140523
140524
140543
140576
140586
140588
140609
140628
140652
140662
140667
140706
140720
140743
140759
140763
140779
140785
140797
140808
140852
140859
140901
140922
140939
140949
140971
140991
141031
141080
141086
141087
141088
141090
141101
141102
141119
141132
141143
141164
141165
141166
141180
141198
141204
141258
141259
141288
141318
141322
141348
141370
141372
141402
141430
141434
141506
141546
141557
141573
141588
141590
141615
141616
141620
141665
141667
141681
141703
141736
141756
141811
141829
141836
141839
141841
141851
141873
141883
141889
141893
141899
141916
141935
141964
141987
141989
141991
142031
142039
142062
142067
142088
142114
142124
142138
142139
142249
142258
142264
142272
142284
142346
142362
142366
142387
142393
142411
142485
142554
142580
142590
142603
142611
142638
142649
142671
142695
142711
142718
142722
142729
142767
142838
142841
142844
142874
142904
142927
142950
142974
142977
142982
142985
143000
143002
143014
143039
143045
143049
143108
143136
143170
143179
143184
143192
143201
143208
143209
143270
143311
143312
143335
143360
143363
143367
143377
143380
143433
143440
143475
143488
143503
143522
143531
143553
143555
143557
143595
143599
143648
143657
143681
143686
143696
143699
143703
143707
143735
143766
143774
143794
143812
143825
143866
143868
143900
143909
143913
143938
143958
143984
144007
144032
144043
144049
144074
144083
144116
144141
144168
144194
144214
144226
144237
144301
144303
144335
144336
144344
144393
144396
144409
144425
144463
144520
144522
144530
144554
144559
144597
144610
144628
144629
144642
144656
144661
144664
144674
144700
144708
144728
144765
144786
144789
144801
144811
144824
144828
144843
144844
144904
144906
144913
144943
144949
144975
144980
145008
145054
145058
145063
145077
145095
145100
145136
145140
145151
145164
145182
145239
145252
145270
145300
145301
145367
145369
145388
145455
145471
145473
145523
145540
145541
145587
145601
145626
145641
145642
145702
145738
145742
145756
145766
145793
145799
145815
145860
145878
145879
145944
145960
145973
145976
146020
146057
146086
146088
146102
146104
146113
146144
146175
146187
146215
146232
146271
146334
146343
146397
146398
146400
146410
146422
146428
146439
146463
146470
146483
146489
146515
146562
146576
146585
146638
146653
146671
146682
146698
146729
146737
146764
146773
146797
146868
146885
146911
146956
146973
146988
146992
147007
147016
147020
147023
147030
147070
147075
147083
147084
147146
147169
147228
147261
147275
147283
147298
147318
147350
147393
147416
147434
147460
147493
147526
147553
147602
147603
147607
147625
147626
147641
147660
147666
147674
147679
147691
147694
147695
147707
147723
147741
147750
147753
147759
147779
147816
147858
147871
147902
147908
147909
